,0,1,2,3,4,t [s]
0,0.0019801980557734335,0.9920792077730485,0.001980198057441441,0.0019801980534624383,0.0019801980602741106,0.0
1,0.0019801980655474267,0.9920792077067931,0.0019801980853032266,0.0019801980778719314,0.0019801980644842797,100.0
2,0.0019801998055657996,0.28920589953721887,0.0019801981628930405,0.001980198179031378,0.7048535043152909,200.0
3,0.0019801998748863376,0.9231000218962547,0.0019801981676530428,0.0019801981845105686,0.07095938187669532,300.0
4,0.0019801981714928155,0.9920792072915785,0.0019801982280043006,0.0019801981779746713,0.0019801981309498216,400.0
5,0.0019801985775669407,0.9241836078846455,0.06987579637840287,0.00198019867726008,0.001980198482124662,500.0
6,0.0019801982955339596,0.0019802718381611373,0.9920791331861023,0.001980198395591862,0.0019801982846107033,600.0
7,0.0019801982762899075,0.0019802152855648595,0.9920791898028067,0.0019801983698954514,0.001980198265443011,700.0
8,0.001980198273856791,0.0019801984425406637,0.9920792066524416,0.00198019836840865,0.00198019826275238,800.0
9,0.16039449072112796,0.001980202558141003,0.7742627490474012,0.001980199025586008,0.06138235864774384,900.0
10,0.44151214378376985,0.0019866154466603465,0.0019801986174901817,0.15975726297978973,0.3947637791722899,1000.0
11,0.27163856431955474,0.21125310833063654,0.22359546080965093,0.0019809734826425687,0.2915318930575151,1100.0
12,0.0019809000418592846,0.00198019818642106,0.001980198402047656,0.001981132288361774,0.9920775710813101,1200.0
13,0.0019809037518268586,0.0019801982891119686,0.0019801985667361865,0.10281078523590843,0.8912479141564166,1300.0
14,0.0019809000418592846,0.00198019818642106,0.001980198402047656,0.001981132288361774,0.9920775710813101,1400.0
15,0.0019809000418592846,0.00198019818642106,0.001980198402047656,0.001981132288361774,0.9920775710813101,1500.0
16,0.0019809000418592846,0.00198019818642106,0.001980198402047656,0.001981132288361774,0.9920775710813101,1600.0
17,0.23092678499672617,0.001980199151495293,0.001980200040631684,0.7110292491158817,0.05408356669526509,1700.0
18,0.8813842067505103,0.001980198984373297,0.0019801996516592285,0.11267519541802434,0.0019801991954327327,1800.0
19,0.9920783454669876,0.0019801988815911723,0.001980199486837168,0.001981057070528276,0.0019801990940557387,1900.0
20,0.9920778372353216,0.0019801987843841803,0.0019802018073871016,0.0019815632036160307,0.001980198969290992,2000.0
21,0.9920763062597743,0.0019801981710613208,0.001980209822344802,0.001983087561365146,0.0019801981854543145,2100.0
22,0.8395909310579227,0.0019801982782331165,0.001980198605413626,0.0019802135520652197,0.15446845850636529,2200.0
23,0.0019962960621656626,0.0019801982024969683,0.001980198432560096,0.0019801983004137692,0.9920631090023635,2300.0
24,0.0019802051514253042,0.0019801981017542503,0.0019801981596888306,0.0019801981461322338,0.9920792004409993,2400.0
25,0.5758924007085888,0.001980198272028791,0.0019801985829446317,0.00198020999739162,0.41816699243904615,2500.0
26,0.298230072179504,0.0019801982813686205,0.0019801984057797,0.6958293328746747,0.001980198258672933,2600.0
27,0.6531835487009848,0.001980200657657558,0.001980228506025818,0.34087582324809473,0.001980198887236943,2700.0
28,0.9920790402869928,0.0019801981249574488,0.001980365180441937,0.001980198299354353,0.0019801981082536507,2800.0
29,0.9920790402869928,0.0019801981249574488,0.001980365180441937,0.001980198299354353,0.0019801981082536507,2900.0
30,0.9920790402869928,0.0019801981249574488,0.001980365180441937,0.001980198299354353,0.0019801981082536507,3000.0
31,0.4655953296912446,0.0019802420001546906,0.5284640317422309,0.0019801983929571953,0.0019801981734124995,3100.0
32,0.001980198207932865,0.0019802419352060916,0.9920791636596439,0.0019801981125148423,0.0019801980847023314,3200.0
33,0.0019801984032792814,0.9225286789835945,0.07150307180725833,0.001980227268631547,0.002007823537236363,3300.0
34,0.001980198442101631,0.022453702876956524,0.001981018728752418,0.22793346176299345,0.7456516181891959,3400.0
35,0.001980198331336087,0.0020159312130349914,0.001980198987184082,0.933609615617122,0.06041405585132283,3500.0
36,0.8011359529729485,0.0019801982774687392,0.0019801982974820796,0.1929232930966208,0.00198035735547993,3600.0
37,0.7970711911093105,0.001980200571291858,0.19698792101123788,0.0019804796227085425,0.001980207685451252,3700.0
38,0.7509315976930871,0.0019801982444649963,0.0019805603097572786,0.001980198363145681,0.24312744538954487,3800.0
39,0.8154552035491838,0.001980198263226173,0.001980198440820509,0.001980198385897823,0.17860420136087163,3900.0
40,0.0020077791732491285,0.0019801982160670764,0.0019801983621270413,0.001980198315144108,0.9920516259334127,4000.0
41,0.0020077791732491285,0.0019801982160670764,0.0019801983621270413,0.001980198315144108,0.9920516259334127,4100.0
42,0.992019321724305,0.001980211879325691,0.001980256555776237,0.00198019840197745,0.002040011438615658,4200.0
43,0.7525796862493608,0.0019802119257488955,0.001980256754263632,0.001980198401830864,0.2414796466687957,4300.0
44,0.17987159276116693,0.5965722990221033,0.001980316199527209,0.0019801983387324083,0.21959559367847012,4400.0
45,0.0019801998047518994,0.3387279466407102,0.001980198159111936,0.0019801981757264016,0.6553314572196995,4500.0
46,0.12078762830316717,0.4575863668925538,0.001980198476227035,0.001980198455612027,0.41766560787244,4600.0
47,0.37821123208769014,0.615848172710915,0.001980198386623021,0.0019801983433089,0.00198019847146291,4700.0
48,0.586134517548892,0.40792488725304454,0.0019801983846879515,0.0019801983415003934,0.001980198471875095,4800.0
49,0.19999881901334324,0.5566325963569922,0.0019801984576932833,0.001980198439288036,0.2394081877326831,4900.0
50,0.08117766708117505,0.9128817376970998,0.0019801983924192463,0.0019801983486001646,0.0019801984807058014,5000.0
51,0.0019801980557734335,0.9920792077730485,0.001980198057441441,0.0019801980534624383,0.0019801980602741106,5100.0
52,0.0019801980557734335,0.9920792077730485,0.001980198057441441,0.0019801980534624383,0.0019801980602741106,5200.0
